85
0.477333333333263
0.946666666666488
1.41599999999994
1.90666666666652
2.35466666666662
2.82399999999984
3.29333333333329
3.76266666666652
4.23199999999997
4.7013333333332
5.17066666666665
5.63999999999987
6.10933333333332
6.57866666666655
7.048
7.51733333333323
7.98666666666668
8.4559999999999
8.92533333333336
9.39466666666658
9.86400000000003
10.3333333333333
10.7813333333334
11.2506666666666
11.72
12.1893333333333
12.6586666666665
13.1279999999999
13.5973333333332
14.0666666666666
14.5359999999998
15.0053333333333
15.4746666666665
15.944
16.4133333333332
16.8826666666666
17.3306666666665
17.8213333333333
18.2906666666665
18.76
19.2293333333332
19.6986666666667
20.1679999999999
20.6373333333333
21.1066666666666
21.576
22.0453333333332
22.5146666666667
22.9839999999999
23.4533333333331
23.9226666666666
24.3919999999998
24.8826666666666
25.3306666666665
25.8
26.2693333333332
26.7386666666666
27.2079999999999
27.6773333333333
28.1253333333332
28.5946666666666
29.0639999999999
29.5333333333333
30.0026666666665
30.472
30.9413333333332
31.4106666666667
31.8799999999999
32.3493333333333
32.8186666666666
33.288
33.7573333333332
34.2266666666667
34.6959999999999
35.1653333333334
35.6346666666666
36.1039999999998
36.5733333333333
37.0426666666665
37.5119999999999
38.0026666666665
38.4506666666666
38.9199999999998
39.3893333333333
39.8586666666665
