3.245322
3.427292
3.681178
3.908236
4.134502
4.368233
4.615047
4.856456
5.100208
5.337904
5.572098
5.778439
6.009134
6.239492
6.479887
6.72438
6.960494
7.207586
7.444479
7.681878
7.921144
8.14899
8.405488
8.643822
8.890982
9.114072
9.353914
9.593467
9.80219
10.02552
10.25315
10.48951
10.71572
10.97323
11.20331
11.44699
11.68461
11.92538
12.16325
12.38655
12.60788
12.836
13.04814
13.30245
13.54255
13.78256
13.99113
14.21993
14.44537
14.68398
14.91915
15.15383
15.40247
15.63377
15.87764
16.10386
16.34832
16.57632
16.81756
17.03885
17.39811
17.71859
17.95964
18.42678
18.94309
19.37855
19.62545
19.86941
20.29223
20.78998
21.25745
21.48814
21.70684
