260
0.7058823 , 1, 1, 0, 0.70588231086731, 0
0.8823525 , 2, 1, 0, 0.882352447509766, 0
1.058823 , 1, 1, 0, 1.05882301330566, 0
1.147058 , 2, 1, 0, 1.14705810546875, 0
1.235294 , 1, 1, 0, 1.23529396057129, 0
1.411765 , 2, 1, 0, 1.41176500320435, 0
1.5 , 1, 1, 0, 1.5, 0
1.588236 , 2, 1, 0, 1.58823595046997, 0
1.764706 , 1, 1, 0, 1.76470603942871, 0
1.941177 , 2, 1, 0, 1.94117698669434, 0
2.117648 , 1, 1, 0, 2.11764793395996, 0
2.294119 , 2, 1, 0, 2.29411888122559, 0
2.470589 , 1, 1, 0, 2.47058887481689, 0
2.558823 , 2, 1, 0, 2.55882263183594, 0
2.64706 , 1, 1, 0, 2.64706001281738, 0
2.823531 , 2, 1, 0, 2.82353096008301, 0
2.911765 , 1, 1, 0, 2.91176452636719, 0
3.000002 , 2, 1, 0, 3.00000190734863, 0
3.176472 , 1, 1, 0, 3.17647190093994, 0
3.352943 , 2, 1, 0, 3.35294303894043, 0
3.529414 , 1, 1, 0, 3.52941398620605, 0
3.705884 , 2, 1, 0, 3.7058837890625, 0
3.882355 , 1, 1, 0, 3.88235511779785, 0
3.97059 , 2, 1, 0, 3.97059020996094, 0
4.058825 , 1, 1, 0, 4.0588249206543, 0
4.235296 , 1, 1, 0, 4.23529586791992, 0
4.323532 , 1, 1, 0, 4.32353210449219, 0
4.411765 , 2, 1, 0, 4.41176452636719, 0
4.588235 , 1, 1, 0, 4.58823471069336, 0
4.764706 , 2, 1, 0, 4.76470603942871, 0
4.941175 , 1, 1, 0, 4.9411750793457, 0
5.117645 , 2, 1, 0, 5.11764488220215, 0
5.294115 , 1, 1, 0, 5.29411506652832, 0
5.382352 , 2, 1, 0, 5.38235168457031, 0
5.470585 , 1, 1, 0, 5.47058486938477, 0
5.647054 , 2, 1, 0, 5.64705429077148, 0
5.735288 , 1, 1, 0, 5.73528747558594, 0
5.823524 , 2, 1, 0, 5.82352409362793, 0
5.999994 , 1, 1, 0, 5.99999389648437, 0
6.176464 , 2, 1, 0, 6.17646408081055, 0
6.352933 , 1, 1, 0, 6.35293273925781, 0
6.529405 , 2, 1, 0, 6.52940521240234, 0
6.705873 , 1, 1, 0, 6.70587310791016, 0
6.838225 , 1, 1, 0, 6.83822479248047, 0
6.92646 , 2, 1, 0, 6.92646026611328, 0
7.058812 , 2, 1, 0, 7.05881195068359, 0
7.191165 , 1, 1, 0, 7.19116516113281, 0
7.279399 , 1, 1, 0, 7.27939910888672, 0
7.411752 , 2, 1, 0, 7.41175231933594, 0
7.764691 , 2, 1, 0, 7.76469116210937, 0
7.941162 , 1, 1, 0, 7.941162109375, 0
8.117633 , 2, 1, 0, 8.11763305664062, 0
8.249987 , 1, 1, 0, 8.24998626708984, 0
8.338222 , 1, 1, 0, 8.33822174072266, 0
8.470575 , 2, 1, 0, 8.47057495117187, 0
8.82352 , 1, 1, 0, 8.82351989746094, 0
9.176463 , 2, 1, 0, 9.17646331787109, 0
9.529407 , 1, 1, 0, 9.52940673828125, 0
9.88235 , 2, 1, 0, 9.88235015869141, 0
10.23529 , 1, 1, 0, 10.2352897644043, 0
10.58824 , 1, 1, 0, 10.5882400512695, 0
10.94118 , 2, 1, 0, 10.9411804199219, 0
11.29412 , 1, 1, 0, 11.2941200256348, 0
11.64707 , 1, 1, 0, 11.6470703125, 0
12.00001 , 2, 1, 0, 12.0000091552734, 0
12.35295 , 2, 1, 0, 12.3529502868652, 0
12.7059 , 2, 1, 0, 12.7059005737305, 0
13.05884 , 2, 1, 0, 13.0588394165039, 0
13.41178 , 2, 1, 0, 13.4117797851563, 0
13.76473 , 2, 1, 0, 13.7647308349609, 0
14.11767 , 2, 1, 0, 14.1176696777344, 0
14.47061 , 2, 1, 0, 14.4706100463867, 0
14.82356 , 2, 1, 0, 14.8235595703125, 0
15.1765 , 2, 1, 0, 15.1764999389648, 0
15.52945 , 2, 1, 0, 15.5294509887695, 0
15.88239 , 2, 1, 0, 15.882389831543, 0
16.23533 , 2, 1, 0, 16.2353302001953, 0
16.58826 , 2, 1, 0, 16.5882598876953, 0
16.9412 , 2, 1, 0, 16.9412002563477, 0
17.29413 , 2, 1, 0, 17.2941299438477, 0
17.64707 , 1, 1, 0, 17.6470703125, 0
18.00001 , 1, 1, 0, 18.0000091552734, 0
18.35294 , 1, 1, 0, 18.3529388427734, 0
18.70588 , 1, 1, 0, 18.7058792114258, 0
19.05881 , 1, 1, 0, 19.0588088989258, 0
19.41175 , 1, 1, 0, 19.411750793457, 0
19.76468 , 1, 1, 0, 19.764680480957, 0
20.11762 , 1, 1, 0, 20.1176208496094, 0
20.47056 , 1, 1, 0, 20.4705596923828, 0
20.82349 , 1, 1, 0, 20.8234893798828, 0
21.17643 , 1, 1, 0, 21.1764297485352, 0
21.52936 , 1, 1, 0, 21.5293594360352, 0
21.8823 , 1, 1, 0, 21.8822998046875, 0
22.23524 , 1, 1, 0, 22.2352416992188, 0
22.58817 , 1, 1, 0, 22.5881683349609, 0
22.94111 , 1, 1, 0, 22.9411102294922, 0
23.29404 , 1, 1, 0, 23.2940399169922, 0
23.29404 , 2, 2, 1, 23.2940399169922, 0
24.70579 , 2, 2, 2, 24.7057891845703, 0
24.70579 , 1, 2, 1, 24.7057891845703, 0
26.11753 , 1, 2, 2, 26.117529296875, 0
26.11753 , 2, 2, 1, 26.117529296875, 0
27.52927 , 2, 2, 2, 27.5292694091797, 0
27.52927 , 1, 2, 1, 27.5292694091797, 0
28.23514 , 1, 2, 2, 28.2351409912109, 0
28.23514 , 2, 2, 1, 28.2351409912109, 0
28.94102 , 2, 2, 2, 28.9410186767578, 0
28.94102 , 1, 2, 1, 28.9410186767578, 0
30.35276 , 1, 2, 2, 30.3527587890625, 0
30.35276 , 2, 2, 1, 30.3527587890625, 0
31.05863 , 2, 2, 2, 31.0586303710937, 0
31.05863 , 1, 2, 1, 31.0586303710937, 0
31.7645 , 1, 2, 2, 31.7644989013672, 0
31.7645 , 2, 1, 0, 31.7644989013672, 0
32.11744 , 1, 1, 0, 32.1174377441406, 0
32.47038 , 2, 1, 0, 32.4703796386719, 0
32.82331 , 2, 1, 0, 32.8233093261719, 0
33.17625 , 1, 1, 0, 33.1762512207031, 0
33.52918 , 1, 1, 0, 33.5291778564453, 0
33.88212 , 2, 1, 0, 33.8821166992187, 0
34.23505 , 2, 1, 0, 34.2350494384766, 0
34.58799 , 1, 1, 0, 34.58798828125, 1
34.94093 , 2, 1, 0, 34.9409301757812, 0
35.29386 , 1, 1, 0, 35.2938598632812, 0
35.6468 , 1, 1, 0, 35.6468017578125, 0
35.99973 , 1, 1, 0, 35.9997283935547, 0
36.35267 , 2, 1, 0, 36.3526672363281, 0
36.7056 , 1, 1, 0, 36.7055999755859, 0
37.05854 , 1, 1, 0, 37.0585388183594, 0
37.41148 , 2, 1, 0, 37.4114807128906, 2
37.76441 , 1, 1, 0, 37.7644073486328, 0
38.11735 , 2, 1, 0, 38.1173522949219, 0
38.47028 , 1, 1, 0, 38.4702789306641, 0
38.82322 , 1, 1, 0, 38.8232177734375, 0
39.17616 , 2, 1, 0, 39.1761596679687, 0
39.52909 , 1, 1, 0, 39.5290893554687, 0
39.88203 , 1, 1, 0, 39.88203125, 0
40.23497 , 2, 1, 0, 40.2349700927734, 0
40.5879 , 2, 1, 0, 40.5878967285156, 0
40.94084 , 1, 1, 0, 40.9408416748047, 0
41.29377 , 1, 1, 0, 41.2937683105469, 0
41.64671 , 2, 1, 0, 41.6467102050781, 0
41.99965 , 1, 1, 0, 41.9996490478516, 0
42.35258 , 2, 1, 0, 42.3525817871094, 0
42.70552 , 1, 1, 0, 42.7055206298828, 0
43.05845 , 2, 1, 0, 43.058447265625, 0
43.41139 , 2, 1, 0, 43.4113891601562, 0
43.76432 , 2, 1, 0, 43.7643188476562, 0
44.11726 , 1, 1, 0, 44.1172607421875, 0
44.4702 , 2, 1, 0, 44.4701995849609, 0
44.82313 , 1, 1, 0, 44.8231323242187, 0
45.17607 , 2, 1, 0, 45.1760711669922, 0
45.529 , 1, 1, 0, 45.5289978027344, 0
48.70543 , 1, 1, 0, 48.7054290771484, 0
48.88189 , 2, 1, 0, 48.8818908691406, 0
49.05836 , 1, 1, 0, 49.0583618164062, 0
49.23483 , 1, 1, 0, 49.2348297119141, 0
50.11717 , 2, 1, 0, 50.1171691894531, 0
50.29363 , 1, 1, 0, 50.2936279296875, 0
50.4701 , 2, 1, 0, 50.4700988769531, 0
50.64657 , 2, 1, 0, 50.6465698242188, 0
51.52891 , 1, 1, 0, 51.5289123535156, 0
51.70538 , 2, 1, 0, 51.7053771972656, 0
51.88184 , 1, 1, 0, 51.8818420410156, 0
52.05831 , 1, 1, 0, 52.0583129882813, 0
52.94065 , 2, 1, 0, 52.9406494140625, 0
53.11712 , 1, 1, 0, 53.1171203613281, 0
53.29359 , 2, 1, 0, 53.2935913085937, 0
53.47005 , 2, 1, 0, 53.4700500488281, 0
54.35239 , 1, 1, 0, 54.352392578125, 0
54.52886 , 2, 1, 0, 54.528857421875, 0
54.70531 , 1, 1, 0, 54.7053161621094, 0
54.8818 , 1, 1, 0, 54.8817993164063, 0
55.76414 , 2, 1, 0, 55.7641418457031, 0
55.94061 , 1, 1, 0, 55.9406066894531, 0
56.11707 , 2, 1, 0, 56.1170715332031, 0
56.29354 , 2, 1, 0, 56.2935424804688, 0
57.17588 , 1, 1, 0, 57.17587890625, 0
57.35235 , 2, 1, 0, 57.3523498535156, 0
57.52881 , 1, 1, 0, 57.52880859375, 0
57.70528 , 1, 1, 0, 57.7052795410156, 0
58.58762 , 2, 1, 0, 58.5876220703125, 0
58.76409 , 1, 1, 0, 58.7640930175781, 0
58.94055 , 2, 1, 0, 58.9405517578125, 0
59.11703 , 2, 1, 0, 59.1170288085938, 0
59.99937 , 1, 1, 0, 59.9993713378906, 0
60.17583 , 2, 1, 0, 60.175830078125, 0
60.35229 , 1, 1, 0, 60.3522888183594, 0
60.52877 , 1, 1, 0, 60.5287719726563, 0
61.41111 , 1, 1, 0, 61.4111083984375, 0
61.58758 , 2, 1, 0, 61.5875793457031, 0
61.76405 , 1, 1, 0, 61.7640441894531, 0
61.94051 , 1, 1, 0, 61.9405090332031, 0
62.82285 , 1, 1, 0, 62.8228515625, 0
62.99932 , 2, 1, 0, 62.9993225097656, 0
63.17578 , 1, 1, 0, 63.17578125, 0
63.35226 , 1, 1, 0, 63.3522583007813, 0
64.2346 , 2, 1, 0, 64.2345947265625, 0
64.41109 , 1, 1, 0, 64.411083984375, 0
64.58757 , 2, 1, 0, 64.5875732421875, 0
64.76406 , 2, 1, 0, 64.7640625, 0
65.64647 , 1, 2, 1, 65.6464721679688, 0
65.64647 , 2, 1, 0, 65.6464721679688, 0
65.82296 , 2, 1, 0, 65.8229614257812, 0
65.99944 , 2, 1, 0, 65.9994445800781, 0
66.17593 , 2, 1, 0, 66.175927734375, 0
67.05833 , 1, 2, 2, 67.0583251953125, 0
67.05833 , 2, 2, 1, 67.0583251953125, 0
67.23483 , 1, 1, 0, 67.2348327636719, 0
67.4113 , 1, 1, 0, 67.4113037109375, 0
67.58779 , 1, 1, 0, 67.58779296875, 0
68.4702 , 2, 2, 2, 68.4702026367188, 0
68.4702 , 1, 2, 1, 68.4702026367188, 0
68.64669 , 2, 1, 0, 68.6466918945312, 0
68.82317 , 2, 1, 0, 68.8231750488281, 0
68.99966 , 2, 1, 0, 68.999658203125, 0
69.88206 , 1, 2, 2, 69.8820556640625, 0
69.88206 , 2, 2, 1, 69.8820556640625, 0
70.94096 , 2, 2, 2, 70.940966796875, 0
71.29393 , 1, 1, 0, 71.2939331054688, 0
71.29393 , 2, 1, 0, 71.2939331054688, 0
71.6469 , 1, 1, 0, 71.6468994140625, 0
71.99986 , 1, 1, 0, 71.9998657226563, 0
72.35283 , 1, 1, 0, 72.35283203125, 0
72.7058 , 2, 1, 0, 72.7058044433594, 0
72.7058 , 1, 1, 0, 72.7058044433594, 0
73.05876 , 2, 1, 0, 73.0587646484375, 0
73.41173 , 2, 1, 0, 73.4117309570313, 0
73.76469 , 2, 1, 0, 73.7646850585938, 0
74.11766 , 2, 1, 0, 74.1176635742188, 0
74.11766 , 1, 1, 0, 74.1176635742188, 0
74.47063 , 1, 1, 0, 74.4706298828125, 0
74.82359 , 1, 1, 0, 74.8235961914063, 0
75.17656 , 1, 1, 0, 75.1765625, 0
75.52953 , 1, 1, 0, 75.5295349121094, 0
75.52953 , 2, 1, 0, 75.5295349121094, 0
75.88249 , 2, 1, 0, 75.8824951171875, 0
76.23546 , 2, 1, 0, 76.2354614257813, 0
76.58842 , 2, 1, 0, 76.5884155273438, 0
76.94139 , 1, 1, 0, 76.9413940429688, 0
76.94139 , 2, 1, 0, 76.9413940429688, 0
77.29436 , 1, 1, 0, 77.2943603515625, 0
77.64732 , 1, 1, 0, 77.6473266601563, 0
78.00029 , 1, 1, 0, 78.00029296875, 0
78.35326 , 2, 1, 0, 78.3532592773438, 0
78.35326 , 1, 1, 0, 78.3532592773438, 0
78.70622 , 2, 1, 0, 78.7062255859375, 0
79.05919 , 2, 1, 0, 79.0591918945313, 0
79.41216 , 2, 1, 0, 79.4121643066406, 0
79.76512 , 1, 1, 0, 79.7651245117188, 0
79.76512 , 2, 1, 0, 79.7651245117188, 0
80.11809 , 1, 1, 0, 80.1180908203125, 0
80.47105 , 1, 1, 0, 80.471044921875, 0
80.82402 , 1, 1, 0, 80.8240234375, 0
81.17699 , 1, 1, 0, 81.1769897460938, 0
81.17699 , 2, 1, 0, 81.1769897460938, 0
81.52995 , 1, 1, 0, 81.5299560546875, 0
81.88292 , 2, 1, 0, 81.8829223632813, 0
82.23589 , 1, 2, 1, 82.2358947753906, 0
83.29478 , 1, 2, 2, 83.294775390625, 0
