58
0.1196165
0.8347312
1.749045
2.611565
3.519141
4.407589
5.351501
6.272731
7.229767
7.709636
8.173032
8.631839
9.083523
9.555006
10.02938
10.50405
10.96614
11.4218
11.8607
12.35695
12.80402
13.24973
13.71685
14.18602
14.6285
15.10784
15.5639
16.01251
16.49532
16.92397
17.40852
17.86988
18.34877
18.77204
19.24269
19.70768
20.16992
20.62568
21.10552
21.52168
21.84043
22.05591
22.3091
22.5199
22.75058
22.98078
23.22251
23.43701
23.8779
24.34563
24.80262
25.25686
25.70898
26.18078
26.65129
27.09264
27.57474
28.01603
