485
1.526
1.99475
2.4635
2.93225
3.401
3.86975
4.3385
4.80725
5.276
5.74475
6.2135
6.68225
7.151
7.61975
8.0885
8.55725
9.026
9.49475
9.9635
10.43225
10.901
11.36975
11.8385
12.30725
12.776
13.24475
13.7135
14.18225
14.651
15.11975
15.5885
16.05725
16.526
16.99475
17.4635
17.93225
18.401
18.86975
19.3385
19.80725
20.276
20.74475
21.2135
21.68225
22.151
22.61975
23.0885
23.55725
24.026
24.49475
24.9635
25.43225
25.901
26.36975
26.8385
27.30725
27.776
28.24475
28.7135
29.18225
29.651
30.11975
30.5885
31.05725
31.526
31.99475
32.4635
32.93225
33.401
33.86975
34.3385
34.80725
35.276
35.74475
36.2135
36.68225
37.151
37.61975
38.0885
38.55725
39.026
39.49475
39.9635
40.43225
40.901
41.36975
41.8385
42.30725
42.776
43.24475
43.7135
44.18225
44.651
45.11975
45.5885
46.05725
46.526
46.99475
47.4635
47.93225
48.401
48.86975
49.3385
49.80725
50.276
50.74475
51.2135
51.68225
52.151
52.61975
53.0885
53.55725
54.026
54.49475
54.9635
55.43225
55.901
56.36975
56.8385
57.30725
57.776
58.24475
58.7135
59.18225
59.651
60.11975
60.5885
61.05725
61.526
61.99475
62.4635
62.93225
63.401
63.86975
64.3385
64.80725
65.276
65.74475
66.2135
66.68225
67.151
67.61975
68.0885
68.55725
69.026
69.49475
69.9635
70.43225
70.901
71.36975
71.8385
72.30725
72.776
73.24475
73.7135
74.18225
74.651
75.11975
75.5885
76.05725
76.526
76.99475
77.4635
77.93225
78.401
78.86975
79.3385
79.80725
80.276
80.74475
81.2135
81.68225
82.151
82.61975
83.0885
83.55725
84.026
84.49475
84.9635
85.43225
85.901
86.36975
86.8385
87.30725
87.776
88.24475
88.7135
89.18225
89.651
90.11975
90.5885
91.05725
91.526
91.99475
92.4635
92.93225
93.401
93.86975
94.3385
94.80725
95.276
95.74475
96.2135
96.68225
97.151
97.61975
98.0885
98.55725
99.026
99.49475
99.9635
100.43225
100.901
101.36975
101.8385
102.30725
102.776
103.24475
103.7135
104.18225
104.651
105.11975
105.5885
106.05725
106.526
106.99475
107.4635
107.93225
108.401
108.86975
109.3385
109.80725
110.276
110.74475
111.2135
111.68225
112.151
112.61975
113.0885
113.55725
114.026
114.49475
114.9635
115.43225
115.901
116.36975
116.8385
117.30725
117.776
118.24475
118.7135
119.18225
119.651
120.11975
120.5885
121.05725
121.526
121.99475
122.4635
122.93225
123.401
123.86975
124.3385
124.80725
125.276
125.74475
126.2135
126.68225
127.151
127.61975
128.0885
128.55725
129.026
129.49475
129.9635
130.43225
130.901
131.36975
131.8385
132.30725
132.776
133.24475
133.7135
134.18225
134.651
135.11975
135.5885
136.05725
136.526
136.99475
137.4635
137.93225
138.401
138.86975
139.3385
139.80725
140.276
140.74475
141.2135
141.68225
142.151
142.61975
143.0885
143.55725
144.026
144.49475
144.9635
145.43225
145.901
146.36975
146.8385
147.30725
147.776
148.24475
148.7135
149.18225
149.651
150.11975
150.5885
151.05725
151.526
151.99475
152.4635
152.93225
153.401
153.86975
154.3385
154.80725
155.276
155.74475
156.2135
156.68225
157.151
157.61975
158.0885
158.55725
159.026
159.49475
159.9635
160.43225
160.901
161.36975
161.8385
162.30725
162.776
163.24475
163.7135
164.18225
164.651
165.11975
165.5885
166.05725
166.526
166.99475
167.4635
167.93225
168.401
168.86975
169.3385
169.80725
170.276
170.74475
171.2135
171.68225
172.151
172.61975
173.0885
173.55725
174.026
174.49475
174.9635
175.43225
175.901
176.36975
176.8385
177.30725
177.776
178.24475
178.7135
179.18225
179.651
180.11975
180.5885
181.05725
181.526
181.99475
182.4635
182.93225
183.401
183.86975
184.3385
184.80725
185.276
185.74475
186.2135
186.68225
187.151
187.61975
188.0885
188.55725
189.026
189.49475
189.9635
190.43225
190.901
191.36975
191.8385
192.30725
192.776
193.24475
193.7135
194.18225
194.651
195.11975
195.5885
196.05725
196.526
196.99475
197.4635
197.93225
198.401
198.86975
199.3385
199.80725
200.276
200.74475
201.2135
201.68225
202.151
202.61975
203.0885
203.55725
204.026
204.49475
204.9635
205.43225
205.901
206.36975
206.8385
207.30725
207.776
208.24475
208.7135
209.18225
209.651
210.11975
210.5885
211.05725
211.526
211.99475
212.4635
212.93225
213.401
213.86975
214.3385
214.80725
215.276
215.74475
216.2135
216.68225
217.151
217.61975
218.0885
218.55725
219.026
219.49475
219.9635
220.43225
220.901
221.36975
221.8385
222.30725
222.776
223.24475
223.7135
224.18225
224.651
225.11975
225.5885
226.05725
226.526
226.99475
227.4635
227.93225
228.401
